0.900000000000000000e+00 0.500000000000000000e+00 0.900000000000000000e+00
1.000000000000000000e+00 0.200000000000000000e+00 0.200000000000000000e+00
0.200000000000000000e+00 1.000000000000000000e+00 0.200000000000000000e+00
0.200000000000000000e+00 0.200000000000000000e+00 1.000000000000000000e+00
1.000000000000000000e+00 1.000000000000000000e+00 1.000000000000000000e+00
1.000000000000000000e+00 1.000000000000000000e+00 0.000000000000000000e+00
0.000000000000000000e+00 1.000000000000000000e+00 1.000000000000000000e+00
0.550000000000000000e+00 0.270000000000000000e+00 0.080000000000000000e+00
1.000000000000000000e+00 0.600000000000000000e+00 0.000000000000000000e+00
1.000000000000000000e+00 0.070000000000000000e+00 0.500000000000000000e+00
